0,1,2,3,4,5,6,7,8,9,10,11,12,13,14,15,16,17,18,19,class
0.011415594002482744,0.005885378407627647,0.003986186405097534,0.004339047253955521,0.0017182971671151955,0.003664506667357071,0.004629498115529917,0.004279174625756634,0.004797538076906025,0.00316033574526178,0.47543178714888623,0.014250763993590355,0.003255246624034641,0.2702110575852668,0.004232455216165058,0.005545267250430477,0.07093450286766477,0.002885838714718836,0.007439699809395629,0.0979378243227571,二黄原板
0.03562807918373765,7.595091807780795E-4,5.144180987649912E-4,5.599548570977179E-4,2.217465697766438E-4,0.24809589147668804,5.974375949357388E-4,5.522282832659603E-4,6.191231832808039E-4,4.0784191714105954E-4,0.38582605994054403,0.044532682062027644,4.200901837419425E-4,7.158927103152921E-4,5.461991347477705E-4,7.15617772531242E-4,0.27385454435289236,3.7241802417208985E-4,9.600946474649183E-4,0.004100170826096053,二黄原板
0.3318066348762211,6.83624528579616E-4,4.6302117098936474E-4,5.040082264932403E-4,0.1846539021039777,4.2565600194918377E-4,0.03128013110154719,4.970536359142828E-4,5.572648823934616E-4,3.670933089379326E-4,0.11670922805630338,0.0016553178304374438,3.7811781751907725E-4,6.443658997005242E-4,4.916268762149973E-4,6.441184317070267E-4,5.539021334987005E-4,3.352087145916762E-4,8.641689493372882E-4,0.32648555545368685,二黄原板
8.370621567631378E-4,0.0052832477237349205,2.9229191129127006E-4,3.1816585732667566E-4,1.2599620592258442E-4,2.687043577218745E-4,0.03915302571759763,3.137756248709368E-4,3.517852482257902E-4,2.3173541862553314E-4,0.47151418223736913,0.0010449544054740257,2.3869487293589294E-4,0.4176525632755484,3.1034986798549394E-4,4.066133889715956E-4,0.029459834093031167,2.116075937956223E-4,5.455249342932668E-4,0.03143988510851507,二黄原板
7.630230502115425E-4,3.933811401544706E-4,2.6643835694119863E-4,0.10200884095328562,1.1485169719043456E-4,2.449371495026199E-4,3.0943757918264886E-4,2.860218114469159E-4,3.206694400791332E-4,0.3451707052848421,0.4076954263832851,9.525269914004699E-4,2.1758203801935648E-4,0.009215904912376643,2.8289906668191333E-4,3.706479689748437E-4,3.1873439834354363E-4,1.9289065974529453E-4,4.972726290010562E-4,0.13037780848933514,二黄原板
0.02126448080243864,0.010963031458272482,0.007425297734634159,0.008082591848706628,0.003200770552549353,0.0068260864622090986,0.008623631304792507,0.3777241825030985,0.008936648965717347,0.005886938408090194,0.39260986291745514,0.026545714335660477,0.006063734338216051,0.010333455476988768,0.00788403675461383,0.0103294869251241,0.008882721816561164,0.0053756170668584225,0.013858354960626052,0.05918335536738706,二黄原板
0.4300774387162321,5.02213462321607E-4,3.4015085136561516E-4,3.70261314338232E-4,1.4662642056726834E-4,3.127011474281474E-4,3.9504618333433954E-4,3.651522393011729E-4,0.006055481734983007,2.696790328162482E-4,0.33416674278575514,0.0012160518882988883,2.777780058540275E-4,0.045642143147474994,3.611655599708858E-4,0.12468730952832596,4.0691504857159373E-4,2.4625554250553075E-4,6.34847437348733E-4,0.053526039953206477,二黄原板
0.0068699973787254955,0.0035418686250068116,0.002398919420940808,0.0026112739516101716,0.0010340852198655163,0.002205329936715506,0.0027860696439964538,0.0025752421166750556,0.0028871974603784938,0.0019019157725054818,0.6444913940752485,0.008576225753956284,0.0019590339118016305,0.003338469097818185,0.0025471259957478456,0.0033371869625447724,0.0028697750094478966,0.0017367212254772832,0.004477271894737725,0.29785489654680003,二黄原板
0.002968841393460911,0.0015306041042582562,0.2075290730315842,0.001128451405413016,4.468757171014259E-4,9.530243523286699E-4,0.0012039886521319262,0.0011128803946628535,0.0012476906262018223,0.2933527906669482,0.19247583592435571,0.0037061810382720225,8.465885280482179E-4,0.001442705826800689,0.0011007301274894273,0.0014421517572629754,0.0012401615849741685,7.505170058821268E-4,0.00193483481842936,0.2835860730443941,二黄原板
0.002180788127427961,0.0011243184852215186,7.615046561800311E-4,8.28913741476538E-4,3.282564236800065E-4,7.000522821076901E-4,0.06408472159712818,8.174759208335084E-4,9.165019425817695E-4,6.037375427379566E-4,0.596427103770913,0.23024356408536617,0.013261933190191392,0.02633988057221076,8.085508369757962E-4,0.0010593450485821233,9.109714202182818E-4,5.512987589924861E-4,0.0014212496530999134,0.05662983194407489,二黄原板
0.004301039182364605,0.0022174267172381753,0.026431120155082383,0.001634817447899374,6.474006907657391E-4,0.20081466883804494,0.0017442502584838551,0.0016122593120915874,0.0018075624661468542,0.0011907157758800915,0.6029250883705582,0.005369242660673843,0.0012264752298643477,0.02701933580514094,0.001594656898131647,0.002089283458714243,0.0017966549446480288,0.0010872938704101559,0.0028030464624339154,0.11168766145542706,二黄原板
0.004301039182364605,0.0022174267172381753,0.0015018705038743355,0.001634817447899374,6.474006907657391E-4,0.17588541918683687,0.0017442502584838551,0.0016122593120915874,0.0018075624661468542,0.0011907157758800915,0.7275713366265986,0.005369242660673843,0.0012264752298643477,0.002090086153932893,0.001594656898131647,0.002089283458714243,0.0017966549446480288,0.0010872938704101559,0.0028030464624339154,0.06182916215301097,二黄原板
0.02126448080243864,0.010963031458272482,0.007425297734634159,0.008082591848706628,0.003200770552549353,0.0068260864622090986,0.008623631304792507,0.00797106367482011,0.008936648965717347,0.005886938408090194,0.39260986291745514,0.026545714335660477,0.006063734338216051,0.38008657430526716,0.00788403675461383,0.0103294869251241,0.008882721816561164,0.0053756170668584225,0.013858354960626052,0.05918335536738706,二黄原板
0.4091943451167641,2.615267824188879E-4,1.7713296111868763E-4,1.928129320656408E-4,7.6355452144371E-5,1.6283857578713743E-4,2.0571960926075503E-4,1.9015239017295237E-4,0.029615134506704503,1.404348848241472E-4,0.36218921267975146,6.332568946500308E-4,1.4465241087308327E-4,2.4650803680094103E-4,1.8807633388213515E-4,0.15313654169916888,2.11900300081175E-4,1.282371431991745E-4,3.3059569301304147E-4,0.04257456559731887,二黄原板
0.23274594526627596,0.002533177829900672,0.0017157297845381615,0.001867607746745063,7.395874975984604E-4,0.0015772727604466772,0.0019926232737436725,0.00184183743872634,0.030544008138523857,0.0013602680899097522,0.6602997217614183,0.006133797507552515,0.0014011195215886739,0.0023877045706022647,0.0018217285239877316,0.0023867875753679946,0.0020524901402073944,0.001242119392581513,0.003202187066485327,0.04215428611379976,二黄原板
0.0025707163686670273,0.0013253483441157223,8.976628494245273E-4,9.771247819199969E-4,3.8694917257713616E-4,8.252226971995906E-4,0.4182460889686836,9.636418615119551E-4,0.0010803738868887032,7.116867356233088E-4,0.39016651159767235,0.0032091779241943835,7.330600386308354E-4,0.16515063455054227,9.531209590564714E-4,0.0012487575579697807,0.0010738544986967542,6.498718174146052E-4,0.0016753712574065604,0.007154824131804405,二黄原板
0.0013789862726223453,7.109446982383387E-4,0.4081113261768596,5.241502630667328E-4,2.075676662311555E-4,4.42666793258365E-4,5.592362823220878E-4,5.169177412746885E-4,5.795352523046612E-4,3.8176371800239937E-4,0.44108300914597975,0.001721470465511293,3.932288068030202E-4,6.701171490576682E-4,5.112741081463735E-4,6.6985979132604E-4,5.760381155017958E-4,3.486048971024978E-4,0.024876927929256564,0.11573637472713463,二黄原板
0.004526735416995076,0.0023337857736033672,0.05405549570099,0.001720604190743282,6.813729221283612E-4,0.0014531221164077943,0.0018357794677984751,0.0016968623209362853,0.0019024139718344698,0.21115245764788498,0.2672397669896784,0.0056509926750192485,0.0012908342904334592,0.002199763037819497,0.0016783362235634027,0.0021989182213178913,0.0018909340801648424,0.0011443494149154373,0.029187543216753715,0.4061599323210121,二黄原板
7.802771521748439E-4,4.0227659659026663E-4,0.24901346991551898,2.9658197670065647E-4,0.004640012574829708,2.504758688780659E-4,3.164348350860116E-4,2.9248957083775613E-4,3.2792068001756785E-4,2.1601484554311542E-4,0.6023396832175769,9.740663116449422E-4,2.2250218121598478E-4,0.009424302500101091,2.892962120112704E-4,0.018469284392424516,3.259418815338697E-4,1.9725246127945666E-4,0.04573415493508289,0.0654875618909521,二黄原板
0.08683693554887097,9.451223723672181E-4,0.053767463134262374,6.967998232971668E-4,2.7593826301993156E-4,5.884765592165343E-4,0.23450368865719048,6.871849852215294E-4,0.04327229092488554,5.075126542700476E-4,0.14010153308647072,0.0022885046535345193,0.032399151383651126,8.908466597341682E-4,6.796823989525548E-4,8.905045310841251E-4,7.657789862503259E-4,0.011088897388488384,0.001194728061061116,0.3876189599281712,二黄原板
0.038716689995657784,0.019406174475894582,0.0010736327586776786,0.0011686717077103391,4.628032761836657E-4,9.869920778004995E-4,0.036888934314577904,0.0011525457144802556,0.0012921608567484418,8.511995274967732E-4,0.23497809909055414,0.003838276865361138,0.08998184531211213,0.001494126795574081,0.001139962387082557,0.001493552977871587,0.0012843634651844484,7.772669578171973E-4,0.0020037962649917247,0.5610089051782231,二黄原板
0.004526735416995076,0.0023337857736033672,0.001580680880449573,0.001720604190743282,6.813729221283612E-4,0.0014531221164077943,0.0543105942883389,0.0016968623209362853,0.0019024139718344698,0.0012531983657232955,0.5820886559129209,0.16307543713664052,0.0012908342904334592,0.002199763037819497,0.0016783362235634027,0.0021989182213178913,0.0018909340801648424,0.05361916423545586,0.0029501358064835063,0.11754845080803981,二黄原板
0.009524919050608,0.004910629521570031,0.003325985736785186,0.003620405021560922,0.001433709136651299,0.0030575832812027304,0.0038627507938504575,0.22439995038274946,0.004002959619517052,0.002636914219252592,0.17586026188470136,0.011890522159315249,0.4443751092712661,0.0046286259159495835,0.003531466983717889,0.059834223736761574,0.0039788042340592605,0.0024078799705761606,0.006207520907795551,0.026509778172109442,二黄原板
0.016957849555190724,6.942966968071956E-4,4.702494660887175E-4,5.11876376854076E-4,2.027071098291766E-4,0.10971038342497307,5.461407962012755E-4,0.01611596785156565,5.65964430644871E-4,3.7282405934904543E-4,0.508810059724748,0.009486736570297354,3.840206732384195E-4,0.016265579829881412,4.993017394020556E-4,6.541738641473235E-4,5.625491853571168E-4,3.404417096699919E-4,0.28968402036230606,0.027164856573448453,二黄原板
0.0068699973787254955,0.0035418686250068116,0.002398919420940808,0.0026112739516101716,0.0010340852198655163,0.002205329936715506,0.0027860696439964538,0.0025752421166750556,0.0028871974603784938,0.0019019157725054818,0.1666611605085705,0.6058640177123038,0.0019590339118016305,0.003338469097818185,0.0025471259957478456,0.0033371869625447724,0.042688961140004394,0.0017367212254772832,0.004477271894737725,0.13857815202457402,二黄原板
0.3204718426909219,7.467564862202795E-4,5.057806562500325E-4,5.505528203094223E-4,2.1802328855086007E-4,4.649648558026049E-4,5.874061965558577E-4,0.008938308453820619,0.00900408014130696,4.0099396384596017E-4,0.34576635851693355,0.0018081845734873765,4.1303657341625456E-4,7.038723670437946E-4,0.2943743646114875,7.036020456589547E-4,6.050543736059548E-4,3.661648630118515E-4,9.439739815196356E-4,0.012426678540250667,二黄原板
0.6418460124864152,4.8311929584552593E-4,3.27218308791126E-4,0.005787615568959348,1.4105168095124738E-4,3.008122431788402E-4,0.01124288971434686,3.512691434277582E-4,3.9382059350729476E-4,2.5942583027584225E-4,0.31603028454860066,0.01746411236265259,2.67216880187161E-4,4.553751170646167E-4,3.4743403773006027E-4,4.552002307670007E-4,3.914441298050373E-4,2.368929015629286E-4,6.107105243324754E-4,0.0026080944015983965,二黄原板
0.09048386815529477,0.0019289091680145438,0.19647697587146237,0.0014221053344260445,5.631650047728954E-4,0.0012010273626168989,0.0015172994393662584,0.023088095572337167,0.0015723738627323237,0.0010357873650297326,0.39436260714377874,0.15646992350357403,0.0010668940248788287,0.0018181373539517874,0.04475839672489188,0.0018174391003615612,0.044934112062322194,9.458220642224251E-4,0.0024383317733691597,0.03209872911259643,二黄原板
0.0014858719846254174,7.660502723652718E-4,5.188484018913919E-4,0.30199392571864897,2.236563091962106E-4,4.7697805241800914E-4,0.03505162841325838,0.02639376836478074,0.026461239381159657,4.1135435833417695E-4,0.13939331472732655,0.1999369140431843,0.052097276404601586,0.017946580930255973,5.509031444630584E-4,7.21780859838171E-4,0.043681993944848355,0.01760014815033747,0.03541740876311611,0.09887035777535018,二黄原板
0.1538911048085354,0.003280606466023424,0.03910393205372916,0.002418656115511453,9.578070272732214E-4,0.0020426561276224646,0.0025805581902035584,0.11303118122114195,0.11332012551185856,0.0017616229854096916,0.08060364514944347,0.04482557597796112,0.0018145278661212995,0.003092210487875072,0.0023592399651499395,0.003091022927941715,0.0026580891187089404,0.0016086138378353723,0.004147010711893155,0.42341181344976103,二黄原板
0.016723305270856387,0.001268639667547019,8.592538738357582E-4,0.057985652117771076,3.703924872546484E-4,7.89913272895848E-4,0.11509859739742183,9.224097923014975E-4,0.1864477401206867,6.812352599128787E-4,0.3449469954158689,0.0030718644143065466,7.016940473269465E-4,0.0011957852689592383,9.123390556135328E-4,0.0011953260289819202,0.20070408375969126,6.220652631087113E-4,0.0016036858871485546,0.06389902159851077,二黄原板
0.4285014227490189,0.004016578692513974,2.2221435076997433E-4,2.4188496736252707E-4,9.578836778232568E-5,0.0038927737517122822,0.003946568262646364,2.3854730177140122E-4,2.6744404318137214E-4,0.037061094317892056,0.2883863857668693,7.944245318689064E-4,1.814673077583559E-4,3.0924579486140015E-4,0.018678401837629685,0.11465237258628545,2.658301837959468E-4,0.08868467726886872,4.1473425852695434E-4,0.00914814365888392,二黄原板
0.22949208285943942,0.0164708937738855,9.112404478435214E-4,9.91904281709547E-4,3.9280197185158816E-4,8.377046021776102E-4,0.0010583012201063888,9.782174254040433E-4,0.0010967150808992901,7.224513525422476E-4,0.18431099048151117,0.0032577183412760818,7.44147937420367E-4,0.0012681326639202124,0.03121853513881437,0.39453061638594067,0.0010900970837085789,6.597014528577273E-4,0.0017007120834754731,0.12826703541521625,二黄原板
0.004648705394357145,0.24489588558934175,0.0016232713111783632,0.0017669647651665493,6.997320777297927E-4,0.0014922755581965865,0.0018852433660613355,0.0017425831859318663,0.001953673293995597,0.0012869649905018468,0.2744403708084041,0.005803255041858186,0.0013256149910220668,0.0022590342395154128,0.0017235579147683762,0.00225816665997597,0.001941884084020816,0.0011751831746504356,0.0030296253203130298,0.44404800823301094,二黄原板
0.30106424973552626,6.83624528579616E-4,4.6302117098936474E-4,5.040082264932403E-4,1.9959125980861377E-4,4.2565600194918377E-4,5.377459608523428E-4,4.970536359142828E-4,5.572648823934616E-4,3.670933089379326E-4,0.339591520326341,0.07851128068217456,3.7811781751907725E-4,6.443658997005242E-4,4.916268762149973E-4,0.17741283299070237,5.539021334987005E-4,3.352087145916762E-4,0.008549765234511,0.08823207061330181,二黄原板
0.2968398436844875,0.00174022043173796,0.001178657096691767,0.001282992895719954,5.080753744119324E-4,0.0010835410967814554,0.0013688749730852055,0.001265289434077026,0.0014185619352278889,9.344651191720472E-4,0.33622118136194556,0.004213742762467175,9.625288797317212E-4,0.001640284479703938,0.001251475187056881,0.15815401147811983,0.15792435873914618,8.533003566169099E-4,0.002199810567410228,0.028958784146408918,二黄原板
0.4279982631690501,0.0026861774318868046,0.001819356924745837,0.001980408055726694,0.06118254447109414,0.0016725373335545878,0.0021129743064238543,0.001953081265244172,0.0021896703352329142,0.18263728741892998,0.09619782241062944,0.12730084268164532,0.001485744740792678,0.002531917836899855,0.0019317578064987969,0.0025309454567241053,0.0021764570290793484,0.0013171412763359907,0.003395593680452341,0.07489947636905316,二黄原板
0.0019580403273171416,0.0010094795120735897,6.837238370326419E-4,7.442476934211078E-4,0.011643723919702037,0.21625947081128527,7.940667829877994E-4,7.33978142796726E-4,8.228895512908483E-4,5.420712085362019E-4,0.6149504363109183,0.0024443380334356964,5.583506354410088E-4,9.515079503920835E-4,7.259646756018643E-4,9.511425248421129E-4,8.179239218091757E-4,4.949885726773061E-4,0.0012760818444280788,0.14163757374401104,二黄原板
0.07758150896823979,0.005885378407627647,0.003986186405097534,0.004339047253955521,0.0017182971671151955,0.003664506667357071,0.004629498115529917,0.004279174625756634,0.004797538076906025,0.00316033574526178,0.07843629735434401,0.0804166789593474,0.4664166513843339,0.005547397722238641,0.004232455216165058,0.005545267250430477,0.004768587901907738,0.002885838714718836,0.007439699809395629,0.23026965425427118,二黄原板
0.650355476551809,6.487237278685425E-4,0.00773260945466668,4.782773026685349E-4,1.8940160965558934E-4,4.039251618835604E-4,5.102926384095588E-4,4.7167776193006173E-4,5.288150685108268E-4,3.4835224585140056E-4,0.23473577414774546,0.0015708095729095606,3.588139247492284E-4,6.114693535552515E-4,4.66528052352376E-4,0.0662502749300135,5.256239966465275E-4,3.1809544253151963E-4,8.200508888806467E-4,0.03267500816736213,二黄原板
0.03339254418609322,0.002533177829900672,0.0017157297845381615,0.030346665043914027,7.395874975984604E-4,0.0015772727604466772,0.0019926232737436725,0.00184183743872634,0.0020649508413548958,0.0013602680899097522,0.09071857581803904,0.03461285480472148,0.0014011195215886739,0.0023877045706022647,0.0018217285239877316,0.0023867875753679946,0.37228023500340396,0.001242119392581513,0.003202187066485327,0.41238203097699627,二黄原板
0.0068699973787254955,0.0035418686250068116,0.20149485007372334,0.0026112739516101716,0.0010340852198655163,0.002205329936715506,0.0027860696439964538,0.0025752421166750556,0.0028871974603784938,0.0019019157725054818,0.525033835683579,0.008576225753956284,0.0019590339118016305,0.2024343997506007,0.0025471259957478456,0.0033371869625447724,0.0028697750094478966,0.0017367212254772832,0.004477271894737725,0.019120593632904515,二黄原板
0.004301039182364605,0.10193442532207035,0.3006528663183709,0.001634817447899374,6.474006907657391E-4,0.001380671628380551,0.0017442502584838551,0.0016122593120915874,0.0018075624661468542,0.0011907157758800915,0.17912784430002152,0.005369242660673843,0.0012264752298643477,0.002090086153932893,0.026523906549339695,0.002089283458714243,0.0017966549446480288,0.0010872938704101559,0.0028030464624339154,0.36098015796750754,二黄原板
0.0020758334543733176,0.013101945039636981,7.248557625008335E-4,7.890206543705577E-4,0.1326615607117083,6.663609035341901E-4,8.418367947463064E-4,7.781333011071642E-4,8.72393502826522E-4,5.746814984519813E-4,0.14661210864698282,0.002591386189964343,5.919402742369143E-4,0.2416434808104923,7.696377542808079E-4,0.001008362006338069,8.671291476157169E-4,5.247664332347661E-4,0.0013528492473961025,0.45095171786620203,二黄原板
0.0023279129754776567,0.0012001695888740186,0.04129132228265955,8.848356381189567E-4,3.504019388026593E-4,0.04122572408117556,9.440655239444903E-4,8.726261755163252E-4,9.783328959621996E-4,6.444681360129572E-4,0.15092318400744353,0.1108485878177725,6.638227369352814E-4,0.001131247233821204,0.3246906463391222,0.0011308127796031374,0.21685746084201563,5.884916183659535E-4,0.0015171329425506968,0.10092875444582557,二黄原板
0.004648705394357145,0.0023966681318047397,0.0016232713111783632,0.0017669647651665493,6.997320777297927E-4,0.0014922755581965865,0.10966267334718889,0.0017425831859318663,0.001953673293995597,0.0012869649905018468,0.5708283032565049,0.005803255041858186,0.0013256149910220668,0.2717026091923343,0.0017235579147683762,0.00225816665997597,0.001941884084020816,0.0011751831746504356,0.0030296253203130298,0.012938288308500637,二黄原板
0.0027336428727995164,0.0014093460869614354,0.1277102763716087,0.001039052860318624,4.1147318336780996E-4,8.775235464197745E-4,0.0011086058706541915,0.0010247154212579788,0.0011488456726882687,7.567919184765586E-4,0.5416501520239706,0.0034125687559100047,7.795198157066233E-4,0.0013284113154938611,0.0010135277265113333,0.0013279011406336812,0.0011419130996190834,0.0323799896957574,0.01762601790010769,0.26111972472173695,二黄原板
0.028170110023371626,3.0659996287122205E-4,2.0766117641929496E-4,2.2604353277183684E-4,0.00353644158080066,1.9090320627419325E-4,0.4311069929916817,2.229244562551952E-4,0.00714378179752138,1.646383214547521E-4,0.4487396791175448,0.004189322941615482,1.6958272262870553E-4,2.889927916046884E-4,2.2049059928729345E-4,0.03820507382022117,2.484205385635369E-4,1.503383438588082E-4,3.875726465400203E-4,0.03612442942871356,二黄原板
0.004301039182364605,0.0022174267172381753,0.0015018705038743355,0.15121031535514765,6.474006907657391E-4,0.001380671628380551,0.4504707439802286,0.0016122593120915874,0.0018075624661468542,0.0011907157758800915,0.054481596043981284,0.2546617391727543,0.0012264752298643477,0.002090086153932893,0.001594656898131647,0.002089283458714243,0.0017966549446480288,0.0010872938704101559,0.0028030464624339154,0.06182916215301097,二黄原板
0.10955039160880758,8.00521786712643E-4,5.421960734152021E-4,0.02758960597223743,2.3372062475024387E-4,4.984415990943146E-4,6.296985251150045E-4,5.820479635814835E-4,0.05465138352760344,4.298649028463377E-4,0.25366353463334024,0.0019383710381959368,4.4277456149381694E-4,0.009754354814241676,0.018575302720700012,0.018753869766435928,6.486173433443213E-4,0.03639174710634517,0.019011548106191264,0.44531200732554793,二黄原板
0.005926106437645167,0.0030552399517567532,0.0020693241991406263,0.17399400579498597,8.920089398426559E-4,0.0019023325941247885,0.07109988386688386,0.0022214213550332132,0.002490516155025949,0.0016406054736216764,0.3155045530669149,0.007397910632194053,0.0016898759688386653,0.0028797861369970566,0.3456801744664255,0.03722698078523723,0.002475487430424234,0.0014981075344464364,0.0038621251706234725,0.016493554039837748,二黄原板
7.465155121804139E-4,3.848705792611551E-4,2.606741256916461E-4,2.83749236566853E-4,1.1236695081378822E-4,2.3963808375417395E-4,3.0274308600160824E-4,0.004606711847457669,0.039255633442565954,0.0045335460901840385,0.5589696685470206,9.319196512528027E-4,2.128747834134842E-4,0.37247427167506486,2.767787180228161E-4,3.626292263663255E-4,0.008965594660847816,1.8871758803964663E-4,4.8651443914978176E-4,0.006404581756344652,二黄原板
0.0019580403273171416,0.046405463205471384,6.837238370326419E-4,7.442476934211078E-4,0.011643723919702037,6.285482676457452E-4,0.012143062706337249,7.33978142796726E-4,0.012171885474640296,5.420712085362019E-4,0.6036014403875688,0.0024443380334356964,5.583506354410088E-4,0.2733274101107789,7.259646756018643E-4,9.511425248421129E-4,8.179239218091757E-4,4.949885726773061E-4,0.0012760818444280788,0.02814761451051656,二黄原板
0.005057520299309898,0.03192132435230031,0.0017660244973874632,0.001922354593354687,7.612676835775484E-4,0.001623508759428909,0.002051034811663526,0.17777916422597445,0.0021254825815798426,0.001400142838017884,0.7382834531186747,0.006313602968236498,0.001442191784039851,0.002457697477894325,0.001875130472143576,0.0024567536019633345,0.002112656608819199,0.0012785307428637208,0.0032960556234399286,0.01407610295933042,二黄原板
0.0019145831349306585,9.87074894173557E-4,0.20041659619103544,7.277296908320023E-4,2.8818673616479233E-4,6.145981244284714E-4,7.76443084193353E-4,7.176880649500173E-4,8.046261534208609E-4,0.05601560898915963,0.17961176484951377,0.09116699765086396,0.10041998201261798,9.303899665178117E-4,7.098524504687651E-4,0.06751271501009125,7.997707322493514E-4,4.840026837087055E-4,0.0012477601937242893,0.29385362938695536,二黄原板
0.004096779885310689,0.0021121196034623296,0.167647943203088,0.0015571788474214733,6.166551884810266E-4,0.12004181512857211,0.001661414618868001,0.0015356920129358969,0.025467062594740447,0.0011341678680234228,0.17062094026865898,0.005114253648697862,0.0011682290810421457,0.00199082653073882,0.0015189255496728608,0.0019900619560659634,0.3104007831787648,0.11976237008129638,0.0026699278657994524,0.05889285288835941,二黄原板
0.0026910053324659725,0.0013873640456258012,9.396662906886736E-4,0.17259351803099127,4.0505529878362146E-4,8.638365187628698E-4,0.0010913145748546,0.0010087325927989172,0.04792292809552522,7.449879823189804E-4,0.31483918083143675,0.018956675566049692,7.673613849497374E-4,0.03250235920897706,9.977193962615095E-4,0.001307189423310948,0.0011241022998519034,6.802806203738652E-4,0.0017537652315486663,0.397422957274424,二黄原板
0.00537249791694068,0.0027698237365931574,0.001876010845626264,0.002042077033250592,8.086787204418549E-4,0.001724619361262262,0.3758531401836001,0.0020138992993358855,0.002257855641941675,0.0014873424199003042,0.25489103114546213,0.006706808235622793,0.001532010134816524,0.0026107605702065722,0.001991911838091481,0.0026097579105684512,0.0022442308796349975,0.0013581564375959553,0.0035013308742365117,0.3263480568148719,二黄原板
0.0033754244073412923,0.00174022043173796,0.23595019251840876,0.001282992895719954,5.080753744119324E-4,0.0010835410967814554,0.0013688749730852055,0.001265289434077026,0.0014185619352278889,0.04006305435612487,0.2775282975065163,0.1411638050918021,9.625288797317212E-4,0.001640284479703938,0.001251475187056881,0.0016396545303084997,0.0014100017913348277,8.533003566169099E-4,0.002199810567410228,0.2832946141866023,二黄原板
0.005926106437645167,0.0030552399517567532,0.0020693241991406263,0.002252502660774377,8.920089398426559E-4,0.0019023325941247885,0.0024032826131992146,0.0022214213550332132,0.03683881678186827,0.0016406054736216764,0.38420115432059954,0.007397910632194053,0.0016898759688386653,0.312014491778578,0.0021971681980022775,0.002878680158394906,0.002475487430424234,0.0014981075344464364,0.0038621251706234725,0.22258335780089167,二黄原板
0.0025707163686670273,0.0013253483441157223,0.19459931411461648,9.771247819199969E-4,3.8694917257713616E-4,8.252226971995906E-4,0.01594265941790034,9.636418615119551E-4,0.0010803738868887032,7.116867356233088E-4,0.47956727372006863,0.09260994004659068,7.330600386308354E-4,0.0012492373261490837,0.10525401010185213,0.0012487575579697807,0.0010738544986967542,0.03045012585821337,0.0016753712574065604,0.06675533221340192,二黄原板
0.5620787252707682,4.753734211840404E-4,3.2197200207426547E-4,0.0163835208458231,1.3879019263803884E-4,2.9598930616858135E-4,0.04847307630299643,3.456372285346119E-4,0.0057318556455440775,2.552664435931977E-4,0.2735529115823699,0.0011510618289793386,2.629325792305195E-4,4.4807406614184495E-4,3.4186361126907423E-4,4.4790198380456126E-4,0.04848431085462976,2.3309478639865915E-4,6.009189734327118E-4,0.03997672307441907,二黄原板
0.0033106538009987736,0.0017068275545968929,0.0011560399897417196,0.0012583737018763033,4.983259781591857E-4,0.0010627491591267612,0.001342607798557169,0.0012410099497947803,0.0013913413236570022,9.165337822287377E-4,0.21463620764885244,0.004132885767683703,9.440590307175302E-4,0.0016088092613303377,0.0012274607826720592,0.001608191399956844,0.001382945439318718,0.7492031591426372,0.002157598671335782,0.009214219816758044,二黄原板
0.0068699973787254955,0.0035418686250068116,0.002398919420940808,0.16188801847383616,0.0010340852198655163,0.16148207445894153,0.0027860696439964538,0.0025752421166750556,0.0028871974603784938,0.0019019157725054818,0.28611871890024,0.04839541188451279,0.0019590339118016305,0.003338469097818185,0.0025471259957478456,0.0033371869625447724,0.0028697750094478966,0.0017367212254772832,0.04429645802529422,0.2580357104162435,二黄原板
0.04862540766788365,0.0036887517161829086,0.00249840382799712,0.0027195648089311107,0.0010769692592567483,0.0022967860895160173,0.0029016093674782356,0.0026820387154967806,0.003006931005779364,0.0019807891857794263,0.46386623955498735,0.09187290220846246,0.0020402760433286494,0.0034769171072732133,0.0026527566047515093,0.0034755818011986774,0.08592980205265756,0.0018087439369658417,0.04613345464255157,0.22726607440352176,二黄原板
0.35707496266991895,0.006801104507594039,0.03160410974360722,4.095736864099287E-4,1.6219443207066814E-4,3.459020878961332E-4,4.369900806396802E-4,0.006649490854742766,0.02543512659007923,2.9831211455463104E-4,0.13231517519810557,0.25116791370224234,3.0727099336471303E-4,5.236329549091868E-4,3.995121933436829E-4,5.234318542663056E-4,4.501191187013887E-4,2.7240164294002416E-4,0.02568452694401188,0.1591382486306017,二黄原板
0.0017062982873274726,8.796923835084788E-4,0.3269616636634585,6.485609856523514E-4,2.56835300268269E-4,5.477368456736972E-4,6.919749164166545E-4,0.010529485867707638,7.170919885756914E-4,4.7237800050940607E-4,0.4172087761364661,0.002130073493335766,4.8656440814300424E-4,8.291741306253085E-4,6.326285855087358E-4,8.288556872401741E-4,7.127647819488033E-4,4.313487020786773E-4,0.020891766277093087,0.21243632955846212,二黄原板
0.005926106437645167,0.0030552399517567532,0.0020693241991406263,0.002252502660774377,8.920089398426559E-4,0.0019023325941247885,0.0024032826131992146,0.0022214213550332132,0.03683881678186827,0.0016406054736216764,0.10941474930586098,0.1791394137664057,0.0016898759688386653,0.0028797861369970566,0.0021971681980022775,0.03722698078523723,0.002475487430424234,0.0014981075344464364,0.0038621251706234725,0.6004146646961572,二黄原板
0.019835222008275408,0.0015047114817758282,0.03485235275420234,0.0011093618406138389,4.393160978587486E-4,9.369024173993467E-4,0.0011836212536935908,0.0010940542384759373,0.0012265839388035393,0.0684744146212543,0.23996960853901445,0.0036434850437894943,0.05158207710676346,0.08600131677965353,0.001082109512552601,0.27208340868018366,0.0012191822633797664,7.378208074034448E-4,0.001902103985302706,0.21112234662960408,二黄原板
9.526060085310614E-4,0.40355324140330784,3.326384172207672E-4,0.027969078367508105,1.4338808873895137E-4,3.057949563436884E-4,3.8632135308752993E-4,3.57087634613045E-4,0.011443141713210694,0.02787071750557993,0.48138564041401327,0.0011891946580703389,2.7164311315131147E-4,4.6291804007454605E-4,3.53189003470217E-4,0.01702693695381978,3.979280873669724E-4,2.4081684218051487E-4,0.006142225352547009,0.019215492087164426,二黄原板
0.4588634116649811,0.001268639667547019,8.592538738357582E-4,0.1578237406583799,3.703924872546484E-4,7.89913272895848E-4,9.979247795831796E-4,9.224097923014975E-4,0.001034147116698922,6.812352599128787E-4,0.10248306610296178,0.14569770518660485,7.016940473269465E-4,0.0011957852689592383,9.123390556135328E-4,0.0011953260289819202,0.0010279066784736322,6.220652631087113E-4,0.0016036858871485546,0.12094935790743008,二黄原板
0.004648705394357145,0.0023966681318047397,0.0016232713111783632,0.0017669647651665493,6.997320777297927E-4,0.0014922755581965865,0.0018852433660613355,0.0017425831859318663,0.001953673293995597,0.0012869649905018468,0.13971858333199463,0.005803255041858186,0.24382483244855904,0.0022590342395154128,0.0017235579147683762,0.00225816665997597,0.10971931406514837,0.0011751831746504356,0.0030296253203130298,0.4709923657282928,二黄原板
0.004411002156331818,0.25794017832998395,0.0015402682352404708,0.0016766141813961545,6.63952529120741E-4,0.0014159707158548974,0.001788844817527262,0.0016534793106191188,0.0018537757034556438,0.0012211583369249475,0.3626737769869316,0.005506515972049428,0.052391043946305296,0.23224297614691122,0.0016354268626776296,0.0021426993456289062,0.0018425893136527257,0.0011150922843508747,0.0028747108468090542,0.06340992397822835,二黄原板
0.014820852390956337,0.24128553949226067,7.615046561800311E-4,0.013468978005004914,3.282564236800065E-4,7.000522821076901E-4,8.844002794862906E-4,8.174759208335084E-4,9.165019425817695E-4,6.037375427379566E-4,0.2425053043921185,0.0027224073418554203,6.218689266630151E-4,0.0010597520451540105,8.085508369757962E-4,0.0136994093121105,9.109714202182818E-4,0.3418330338742586,0.0014212496530999134,0.11983015326171677,二黄原板
0.0012140282423568417,6.258995898297671E-4,4.2392387763920137E-4,0.028607962374926584,1.8273786621930577E-4,3.8971380617678524E-4,0.23973769408394627,4.550826569791698E-4,5.102096936768707E-4,3.3609611985528014E-4,0.21944040434195244,0.10002833685328855,3.461897240349751E-4,0.028736468311178508,4.501141303568954E-4,0.06391938220148999,5.071308937421981E-4,3.0690384589654045E-4,7.911989232709888E-4,0.3129905224631829,二黄原板
0.13101397623933767,0.06556395436539493,0.001278726635202116,0.0013919206808638356,5.512116422786254E-4,0.0011755351617357625,0.10761173914133838,0.0013727141720313424,0.0015389997102220228,0.0010138024374574343,0.08883752540234346,0.004571495067887421,0.001044248848217878,0.001779546790489978,0.001357727077260945,0.0017788633575619136,0.0015297127988481013,9.257466797562179E-4,0.19341453816643686,0.39224801562533523,二黄原板
0.001032410945759824,5.322656960865835E-4,3.605053294262791E-4,3.924175893237369E-4,1.5540048139518677E-4,3.314130472200116E-4,0.515038921328072,3.870027894727177E-4,4.338828818036185E-4,2.8581650810064575E-4,0.45589039031313106,0.00727277613072325,2.944001201400609E-4,5.016991781309583E-4,3.8277754899628777E-4,5.015065011301905E-4,4.312646669701728E-4,2.6099136638226743E-4,6.728364301250415E-4,0.014841321147610127,二黄原板
0.0025329747235467203,0.0013058904111153816,8.844839265711161E-4,0.3386343514017492,3.812682275576841E-4,8.131072952196051E-4,0.0010272265908190246,0.030312239680794096,0.0010645125151974562,7.012381974103389E-4,0.26698735000654006,0.003162062787021288,7.222977109905327E-4,0.0012308968073702626,9.391278350261885E-4,0.0012304240828464109,0.015739461542874613,6.403308070544195E-4,0.0016507745075618517,0.3300399809427339,二黄原板
0.12829095844172145,0.0018487275851749624,0.2298781069309357,0.0013629907537243196,5.397551614109965E-4,0.0011511026297341192,0.0014542277962285867,0.0013441834363894223,0.06385954675118477,9.927313871794074E-4,0.3987537798888267,0.1499657260320992,0.001022544994320314,0.0017425603733054267,0.0013295078360638602,0.0017418911449689639,0.0014979189758066935,9.065057960167972E-4,0.0023369743303548658,0.009980259754553527,二黄原板
0.38928040922893153,0.002016361227526116,0.0013656881777581865,0.0014865801383204976,0.11393262912709462,0.0012554790279064112,0.0015860901129078817,0.0014660674647541116,0.001643661476943648,0.0010827474499263954,0.09487904204333437,0.07288874475523249,0.023784050727828285,0.0019005672882973557,0.001450061152237099,0.001899837377584265,0.0016337429965412689,9.887033407590888E-4,0.002548879817253012,0.2829106570688634,二黄原板
0.002392475429689255,0.0012334551519273078,8.354232841745289E-4,0.04251045029748373,0.055828219448637514,7.680057789088756E-4,0.014837273145387193,8.968276332572679E-4,0.0010054660291439928,6.623418473417208E-4,0.4740504669059742,0.016853694035159635,6.822332297283842E-4,0.34783824283236014,8.870361988813495E-4,0.0011621747974595125,9.993986635427336E-4,6.048128741710015E-4,0.0015592091830150718,0.03439279323375664,二黄原板
0.0015811956779521181,0.45905354310442903,5.521342747368997E-4,6.010097032964141E-4,2.3800461487058941E-4,5.075778012945744E-4,6.412406055936594E-4,5.927166314759618E-4,6.645161408477474E-4,4.377441261662517E-4,0.5057617769852457,0.0019739004758999004,4.5089041283987087E-4,7.683806291969978E-4,5.862454370285585E-4,7.680855334871875E-4,6.605061969435325E-4,3.9972301940555257E-4,0.0010304869971128204,0.02273032163217667,二黄原板
0.0023279129754776567,0.014692984062622635,8.128788614136955E-4,8.848356381189567E-4,3.504019388026593E-4,7.47280659929707E-4,0.10888658131393343,8.726261755163252E-4,9.783328959621996E-4,6.444681360129572E-4,0.5557076182199021,0.2592695470290073,6.638227369352814E-4,0.001131247233821204,8.630989691553392E-4,0.0011308127796031374,9.724292620377447E-4,5.884916183659535E-4,0.0015171329425506968,0.046957496550831104,二黄原板
0.3139259622970577,9.25455579299868E-4,0.021435540765620955,6.823003062665542E-4,2.7019633914124417E-4,5.762311113745685E-4,7.279727085725987E-4,6.728855407279111E-4,7.543964164516543E-4,4.969519621920565E-4,0.3556778280769597,0.0022408837858346018,5.1187637252101E-4,8.723092751330081E-4,6.655390737255372E-4,8.719742657445121E-4,0.011154207409783965,4.537882451253721E-4,0.23006586009184235,0.05701784037662486,二黄原板
0.0017233419219554293,8.884793322388784E-4,6.01770012067646E-4,6.550392412747721E-4,2.594007409358501E-4,5.532080031725152E-4,0.170506118548211,0.030611982709179596,7.242547771330554E-4,4.770964240738915E-4,0.5612173826974611,0.032117332144555054,4.91424534919751E-4,0.16065602750886743,6.389476977921454E-4,8.371348454609515E-4,7.19884347507436E-4,4.356572979027915E-4,0.01111178635169881,0.024773730863591838,二黄原板
0.011950746515780802,9.06590583689229E-4,6.140368230202134E-4,0.12297569245067647,2.646885083323722E-4,5.644848994223765E-4,7.131333124318607E-4,6.5916907171932E-4,0.07208494369360142,4.8682182002732514E-4,0.25669702017838036,0.0021952043780604294,5.014420029663913E-4,8.54527643021661E-4,6.519723591415272E-4,0.031431024594943374,7.345588660469099E-4,0.2654436891224659,0.0011460200730561679,0.2291242331032159,二黄原板
0.0035858906720756985,0.022632905546782586,0.0012521493532518275,0.0013629907537243196,5.397551614109965E-4,0.0011511026297341192,0.0014542277962285867,0.0013441834363894223,0.1677804365592229,9.927313871794074E-4,0.10777528842631995,0.004476480300845837,0.001022544994320314,0.0017425603733054267,0.0013295078360638602,0.20958367076104523,0.0014979189758066935,9.065057960167972E-4,0.0023369743303548658,0.4672321749099213,二黄原板
0.0011342175701838444,0.00715879023735342,3.960549628610036E-4,4.311141086678423E-4,1.7072461032823302E-4,3.6409387433262633E-4,0.5329570116279686,4.251653523559506E-4,4.7666831697670576E-4,3.140010348280064E-4,0.34964313529430724,0.0014159111568402072,3.2343108168166604E-4,5.511720164533257E-4,0.013568598501348852,0.026847110425086602,4.7379191850494755E-4,2.8672787191266573E-4,0.0073132227305915815,0.05574905730741667,二黄原板
0.17117039792839786,0.015312823314789894,8.471710258517545E-4,0.2399765592686258,3.651840194732504E-4,7.788054940570508E-4,9.838919380932166E-4,0.014971462132113002,0.0010196049158608992,0.014733679001615258,0.18541408656756805,0.003028667785375629,6.918268092925301E-4,0.07148908654761862,8.995097225671333E-4,0.0011785173265258728,0.0010134522308232594,6.133177668923503E-4,0.0015811348188571686,0.2739308213856015,二黄原板
8.49425619558271E-4,4.3792650642154277E-4,2.9660908193549325E-4,3.2286518784587046E-4,1.2785717812359218E-4,2.7267313865736795E-4,0.3745194674228712,3.1841011136966076E-4,3.5698113934710745E-4,2.351581659129871E-4,0.5326353839923244,0.001060388450377748,2.4222041181862493E-4,4.1277762209516897E-4,3.1493375583099224E-4,0.044722815280539084,3.5482697896536193E-4,2.147330517940779E-4,0.03501706829508665,0.007287478609124862,二黄原板
0.19053711899521955,6.732754815005773E-4,4.560117269205326E-4,4.963783000553479E-4,0.007765817666169429,0.015557708045968777,5.296052958633514E-4,0.2502747102794534,0.015687324565924518,3.6153606840928716E-4,0.3344506155100646,0.0016302588083547181,3.7239368251318626E-4,0.03848085075829257,4.8418438479673145E-4,6.343674475109758E-4,5.455168883573825E-4,3.3013415886176233E-4,8.510867312964628E-4,0.13988110520446692,二黄原板
0.0017062982873274726,8.796923835084788E-4,5.958185824151343E-4,6.485609856523514E-4,2.56835300268269E-4,5.477368456736972E-4,6.919749164166545E-4,6.39611774342687E-4,7.170919885756914E-4,4.7237800050940607E-4,0.2589707906426269,0.041689569866795576,4.8656440814300424E-4,0.07005829278417998,6.326285855087358E-4,8.288556872401741E-4,7.127647819488033E-4,0.4949250533703263,0.0011120180903631846,0.12342746271817753,二黄原板
0.0025329747235467203,0.0013058904111153816,8.844839265711161E-4,9.627792488199745E-4,3.812682275576841E-4,8.131072952196051E-4,0.0010272265908190246,0.19180733940610803,0.0010645125151974562,7.012381974103389E-4,0.1495363683881299,0.017843435489322556,0.11817327932940067,0.0012308968073702626,9.391278350261885E-4,0.04527454218975021,0.0010580888405733442,0.22086092134157345,0.0016507745075618517,0.24195174472892628,二黄原板
0.3731021286359243,6.889192840700494E-4,4.6660732652473814E-4,5.079118317807703E-4,2.0113711849936301E-4,4.2895275968553797E-4,0.008287033036345303,0.031481392046372826,5.615809669871624E-4,3.6993649146246677E-4,0.34222169813825826,0.0636291158079093,3.810463862094072E-4,6.49356592314167E-4,4.954345864320258E-4,6.491072076508274E-4,5.581921731913933E-4,3.3780494703774275E-4,8.708620434231197E-4,0.17411178261992127,二黄原板
