0.000000000000000000e+00 0.000000000000000000e+00 0.000000000000000000e+00 0.000000000000000000e+00 5.360756952687908278e-02 0.000000000000000000e+00 0.000000000000000000e+00 0.000000000000000000e+00 0.000000000000000000e+00 0.000000000000000000e+00 8.975821797057417784e-02 2.636911332642310687e-02 0.000000000000000000e+00 0.000000000000000000e+00 1.287207699656181259e-01 3.614333990815998213e-03 0.000000000000000000e+00 0.000000000000000000e+00 1.906686392105124972e-01 5.072613560091771001e-01
2.579456987914208743e-01 1.252309018677467967e-01 0.000000000000000000e+00 0.000000000000000000e+00 1.158764365384812173e-01 0.000000000000000000e+00 3.411760296913439461e-02 5.902202744697191555e-02 0.000000000000000000e+00 0.000000000000000000e+00 0.000000000000000000e+00 4.506027858783252966e-03 0.000000000000000000e+00 0.000000000000000000e+00 1.559342445089389184e-01 0.000000000000000000e+00 4.937129075837817099e-02 0.000000000000000000e+00 0.000000000000000000e+00 1.979957692601444219e-01
0.000000000000000000e+00 8.638797239161402630e-03 4.213527012406526051e-02 0.000000000000000000e+00 0.000000000000000000e+00 2.222810131740652340e-01 0.000000000000000000e+00 3.358636084477312905e-02 2.925726483903415970e-02 6.380421821299571590e-03 1.753674568988549884e-02 0.000000000000000000e+00 0.000000000000000000e+00 0.000000000000000000e+00 8.811965063835660444e-03 2.479595802307697772e-01 3.144208436423278630e-01 0.000000000000000000e+00 1.853879231248863405e-02 5.045294501829385159e-02
1.530660659055334272e-02 1.939651052919873914e-03 0.000000000000000000e+00 0.000000000000000000e+00 0.000000000000000000e+00 0.000000000000000000e+00 8.511998518526900023e-03 2.273325331166381122e-02 2.016086496341149698e-02 0.000000000000000000e+00 0.000000000000000000e+00 2.814290715820341737e-01 0.000000000000000000e+00 6.136488518973371997e-01 0.000000000000000000e+00 0.000000000000000000e+00 3.626970208355326242e-02 0.000000000000000000e+00 0.000000000000000000e+00 0.000000000000000000e+00
0.000000000000000000e+00 1.715651530581242812e-02 2.642330266087047561e-02 5.249475373763525660e-02 0.000000000000000000e+00 1.016530806980742337e-02 0.000000000000000000e+00 0.000000000000000000e+00 0.000000000000000000e+00 1.428816518155678200e-02 1.670332496287496582e-01 3.506455159748631673e-02 0.000000000000000000e+00 4.751890830873548022e-02 1.962134713169376987e-01 2.456385769401485397e-01 0.000000000000000000e+00 1.667860518651409756e-03 6.140140299897271087e-02 1.249339337346356965e-01
0.000000000000000000e+00 2.995169536222630491e-01 0.000000000000000000e+00 0.000000000000000000e+00 0.000000000000000000e+00 1.575144814088685202e-02 0.000000000000000000e+00 0.000000000000000000e+00 0.000000000000000000e+00 0.000000000000000000e+00 0.000000000000000000e+00 1.456603047734092160e-01 0.000000000000000000e+00 0.000000000000000000e+00 0.000000000000000000e+00 0.000000000000000000e+00 1.300204689773707678e-01 1.640239413225489384e-01 2.450268831635211420e-01 0.000000000000000000e+00
0.000000000000000000e+00 0.000000000000000000e+00 0.000000000000000000e+00 0.000000000000000000e+00 0.000000000000000000e+00 3.937392461407664968e-01 0.000000000000000000e+00 5.168796863146331994e-02 1.756518992046068872e-02 2.482477359148282242e-02 0.000000000000000000e+00 5.679471772487255238e-02 0.000000000000000000e+00 6.308972122236695956e-02 0.000000000000000000e+00 0.000000000000000000e+00 3.922983827685870284e-01 0.000000000000000000e+00 0.000000000000000000e+00 0.000000000000000000e+00
2.606381272878194877e-01 0.000000000000000000e+00 0.000000000000000000e+00 0.000000000000000000e+00 0.000000000000000000e+00 0.000000000000000000e+00 0.000000000000000000e+00 2.241961259410334695e-01 0.000000000000000000e+00 1.180064969573186434e-01 0.000000000000000000e+00 2.933124870044465787e-02 0.000000000000000000e+00 2.288954748301831321e-01 4.422626264306474091e-03 0.000000000000000000e+00 0.000000000000000000e+00 0.000000000000000000e+00 0.000000000000000000e+00 1.345099000188940963e-01
0.000000000000000000e+00 6.182250806247983899e-02 0.000000000000000000e+00 0.000000000000000000e+00 0.000000000000000000e+00 7.034967909866478644e-03 0.000000000000000000e+00 2.963966682366462879e-01 0.000000000000000000e+00 0.000000000000000000e+00 4.489730731259555796e-02 0.000000000000000000e+00 0.000000000000000000e+00 1.981772787139130798e-01 0.000000000000000000e+00 2.287600206158389993e-01 0.000000000000000000e+00 1.116422813679753406e-01 5.126896778068441157e-02 0.000000000000000000e+00
1.735466895977608170e-02 7.171801847162050103e-02 0.000000000000000000e+00 0.000000000000000000e+00 7.838957966742420014e-02 0.000000000000000000e+00 0.000000000000000000e+00 0.000000000000000000e+00 0.000000000000000000e+00 4.505061789362395375e-02 0.000000000000000000e+00 8.328356984496469717e-02 0.000000000000000000e+00 0.000000000000000000e+00 1.149289317961179890e-01 0.000000000000000000e+00 0.000000000000000000e+00 0.000000000000000000e+00 2.469081199747618499e-02 5.645838013689963297e-01
5.746626129684095918e-01 9.045382397364221116e-02 0.000000000000000000e+00 0.000000000000000000e+00 6.240611729319817808e-02 0.000000000000000000e+00 0.000000000000000000e+00 0.000000000000000000e+00 0.000000000000000000e+00 0.000000000000000000e+00 0.000000000000000000e+00 4.272778874294560353e-02 0.000000000000000000e+00 0.000000000000000000e+00 0.000000000000000000e+00 0.000000000000000000e+00 2.297496570218044709e-01 0.000000000000000000e+00 0.000000000000000000e+00 0.000000000000000000e+00
6.204145869501774824e-01 9.797335436444589568e-03 0.000000000000000000e+00 0.000000000000000000e+00 9.354866022440479212e-02 0.000000000000000000e+00 0.000000000000000000e+00 0.000000000000000000e+00 0.000000000000000000e+00 0.000000000000000000e+00 0.000000000000000000e+00 4.314884230080846123e-02 0.000000000000000000e+00 0.000000000000000000e+00 0.000000000000000000e+00 0.000000000000000000e+00 2.330905750881645810e-01 0.000000000000000000e+00 0.000000000000000000e+00 0.000000000000000000e+00
0.000000000000000000e+00 0.000000000000000000e+00 0.000000000000000000e+00 2.431369182021975439e-01 4.100342702060815608e-03 3.932994438986556207e-02 0.000000000000000000e+00 0.000000000000000000e+00 2.406677667606258730e-01 0.000000000000000000e+00 0.000000000000000000e+00 0.000000000000000000e+00 0.000000000000000000e+00 0.000000000000000000e+00 0.000000000000000000e+00 0.000000000000000000e+00 0.000000000000000000e+00 0.000000000000000000e+00 0.000000000000000000e+00 4.727650279452501603e-01
1.381334585989554657e-02 0.000000000000000000e+00 1.241275313778980680e-03 5.736949882752764157e-02 0.000000000000000000e+00 1.233449592344293411e-02 0.000000000000000000e+00 0.000000000000000000e+00 0.000000000000000000e+00 1.003718530571352796e-02 0.000000000000000000e+00 0.000000000000000000e+00 5.667146372547028459e-03 0.000000000000000000e+00 5.187979747159889715e-02 0.000000000000000000e+00 8.464823857454518707e-01 0.000000000000000000e+00 1.174869180043612658e-03 0.000000000000000000e+00
1.927867995087909625e-01 1.247137238780638042e-02 0.000000000000000000e+00 0.000000000000000000e+00 0.000000000000000000e+00 3.112492065818117104e-01 2.000421101268287215e-03 2.066670013570540143e-02 0.000000000000000000e+00 0.000000000000000000e+00 0.000000000000000000e+00 2.490831532516484814e-01 9.279762052898811453e-02 1.189447265039807744e-01 0.000000000000000000e+00 0.000000000000000000e+00 0.000000000000000000e+00 0.000000000000000000e+00 0.000000000000000000e+00 0.000000000000000000e+00
0.000000000000000000e+00 0.000000000000000000e+00 0.000000000000000000e+00 0.000000000000000000e+00 1.859451305652914110e-01 9.520055910725251647e-02 0.000000000000000000e+00 0.000000000000000000e+00 0.000000000000000000e+00 0.000000000000000000e+00 0.000000000000000000e+00 2.188188620913679716e-01 7.061975071247615296e-03 0.000000000000000000e+00 8.119412967672250819e-03 0.000000000000000000e+00 9.469054400530856064e-02 1.975430741548922509e-02 0.000000000000000000e+00 3.704092087763703467e-01
9.178246314935017969e-02 8.293377789262643129e-02 1.884891807995638449e-02 0.000000000000000000e+00 8.644167213263473371e-02 2.923988044036819264e-02 0.000000000000000000e+00 4.849706039561600679e-02 0.000000000000000000e+00 1.163838577347892263e-02 0.000000000000000000e+00 0.000000000000000000e+00 7.195063276228679493e-03 4.830646690451664664e-03 6.238199532559124405e-02 2.355007774668391451e-01 4.401316599633178783e-02 1.538357572400440021e-01 7.826784246602326578e-02 4.459259367445950195e-02
0.000000000000000000e+00 7.352818832920197945e-02 6.260512781737335997e-02 0.000000000000000000e+00 1.237902481222014073e-02 0.000000000000000000e+00 0.000000000000000000e+00 0.000000000000000000e+00 0.000000000000000000e+00 0.000000000000000000e+00 1.871407175522933342e-01 0.000000000000000000e+00 0.000000000000000000e+00 9.166025399376991067e-02 0.000000000000000000e+00 2.260069524872155566e-01 0.000000000000000000e+00 0.000000000000000000e+00 0.000000000000000000e+00 3.466797350079256490e-01
0.000000000000000000e+00 8.747766055801025828e-03 0.000000000000000000e+00 0.000000000000000000e+00 0.000000000000000000e+00 1.835558062910649284e-03 1.237464152021327569e-02 9.570493901610901966e-02 0.000000000000000000e+00 3.898528350750336824e-02 5.906495947818658776e-02 0.000000000000000000e+00 0.000000000000000000e+00 9.438673078198910049e-02 1.133164546302905668e-01 0.000000000000000000e+00 0.000000000000000000e+00 8.087140730906989053e-03 2.020824901786219194e-02 5.472882771982271466e-01
0.000000000000000000e+00 1.888741336217202305e-01 5.361330637523727127e-02 0.000000000000000000e+00 2.168729666847628579e-01 3.380202413414962886e-02 0.000000000000000000e+00 1.714123412998657531e-02 1.266342185400855767e-02 0.000000000000000000e+00 1.231758862828584737e-03 0.000000000000000000e+00 0.000000000000000000e+00 1.382420048262119894e-01 3.032900152667340754e-02 1.922269964612612625e-01 1.150031515231595136e-01 0.000000000000000000e+00 0.000000000000000000e+00 0.000000000000000000e+00
1.291909207833947526e-01 3.007412349536654067e-02 8.565431502069056902e-02 0.000000000000000000e+00 0.000000000000000000e+00 0.000000000000000000e+00 0.000000000000000000e+00 1.429137697059622569e-01 0.000000000000000000e+00 0.000000000000000000e+00 4.361341369551594536e-03 4.690758105298731273e-02 0.000000000000000000e+00 6.980768510458680576e-02 0.000000000000000000e+00 4.125119097806831947e-01 0.000000000000000000e+00 7.857835368677695831e-02 0.000000000000000000e+00 0.000000000000000000e+00
0.000000000000000000e+00 7.270276827170657485e-02 0.000000000000000000e+00 0.000000000000000000e+00 0.000000000000000000e+00 0.000000000000000000e+00 3.073363324380282147e-01 0.000000000000000000e+00 0.000000000000000000e+00 0.000000000000000000e+00 1.359607036227719612e-01 0.000000000000000000e+00 0.000000000000000000e+00 3.794136111208615963e-02 2.349235463883294489e-02 0.000000000000000000e+00 2.008031154992018751e-03 0.000000000000000000e+00 1.275530320845712495e-01 2.930054166770109658e-01
0.000000000000000000e+00 2.951530299401925600e-02 0.000000000000000000e+00 0.000000000000000000e+00 0.000000000000000000e+00 3.412144070823645847e-02 0.000000000000000000e+00 0.000000000000000000e+00 0.000000000000000000e+00 0.000000000000000000e+00 1.053839022646109805e-02 0.000000000000000000e+00 0.000000000000000000e+00 0.000000000000000000e+00 0.000000000000000000e+00 8.196277140421975860e-02 3.962352061109254697e-02 2.381058637860431204e-01 2.425278226361974598e-01 3.236048876337302982e-01
0.000000000000000000e+00 0.000000000000000000e+00 0.000000000000000000e+00 9.583946982688945821e-05 0.000000000000000000e+00 0.000000000000000000e+00 0.000000000000000000e+00 8.176503474214676104e-03 5.751847227695789516e-02 8.414719931715274048e-02 5.109569814981036046e-02 5.963434773933655973e-03 0.000000000000000000e+00 1.333896392714805090e-01 1.222083381347197351e-01 2.868438902121334122e-02 0.000000000000000000e+00 0.000000000000000000e+00 4.198581502220240930e-02 4.667346710884877625e-01
2.370078660924239411e-02 0.000000000000000000e+00 0.000000000000000000e+00 0.000000000000000000e+00 0.000000000000000000e+00 0.000000000000000000e+00 5.652776080808238346e-01 0.000000000000000000e+00 0.000000000000000000e+00 7.881193776291522957e-02 0.000000000000000000e+00 0.000000000000000000e+00 9.073732610324791725e-02 0.000000000000000000e+00 0.000000000000000000e+00 2.343320131647173843e-01 0.000000000000000000e+00 0.000000000000000000e+00 7.140328279053108351e-03 0.000000000000000000e+00
4.487361967064624341e-02 9.201047224251100720e-02 0.000000000000000000e+00 0.000000000000000000e+00 0.000000000000000000e+00 2.622788208163517321e-01 6.883632978541791292e-02 0.000000000000000000e+00 0.000000000000000000e+00 0.000000000000000000e+00 0.000000000000000000e+00 0.000000000000000000e+00 0.000000000000000000e+00 0.000000000000000000e+00 1.119666873762183573e-01 7.983292026463943702e-02 1.327256345431787332e-01 3.169606828329720599e-02 0.000000000000000000e+00 1.757794470177395652e-01
2.683231767688613878e-02 0.000000000000000000e+00 7.761010763328403568e-03 0.000000000000000000e+00 0.000000000000000000e+00 2.875320649495221106e-02 3.814837408093563892e-03 0.000000000000000000e+00 0.000000000000000000e+00 0.000000000000000000e+00 6.743559548902933187e-02 9.059522858697577341e-02 4.636621233998910324e-02 0.000000000000000000e+00 3.002201231902794365e-02 0.000000000000000000e+00 6.175621131386823670e-01 0.000000000000000000e+00 4.556784173438703511e-02 3.528962404864821600e-02
1.564364964584413417e-02 8.583178530792623384e-02 8.386329669760057837e-03 1.387128523351294496e-01 0.000000000000000000e+00 1.800431686244607487e-03 1.610917661264967826e-01 2.649084179709274706e-02 0.000000000000000000e+00 2.010259865146957897e-02 0.000000000000000000e+00 0.000000000000000000e+00 0.000000000000000000e+00 1.213463675107824408e-01 0.000000000000000000e+00 1.210082079763183244e-01 0.000000000000000000e+00 2.116718063742680789e-01 8.791336291866749808e-02 0.000000000000000000e+00
0.000000000000000000e+00 3.812467959661129668e-02 4.618465332089847358e-02 3.348091953518648675e-03 1.572067296367983535e-01 0.000000000000000000e+00 1.499021945753659935e-01 1.275752764171728948e-01 0.000000000000000000e+00 0.000000000000000000e+00 0.000000000000000000e+00 3.960201687440804280e-02 5.784384887173729672e-02 0.000000000000000000e+00 1.981713045509057303e-01 0.000000000000000000e+00 9.830881889033238341e-02 2.942173901762770022e-02 0.000000000000000000e+00 5.431064629462337146e-02
0.000000000000000000e+00 3.651692375212863689e-02 1.190164822102011445e-02 0.000000000000000000e+00 0.000000000000000000e+00 1.967892415684594637e-02 5.838319130134212581e-02 1.257385387947073663e-01 0.000000000000000000e+00 0.000000000000000000e+00 0.000000000000000000e+00 2.801680828190931671e-01 0.000000000000000000e+00 0.000000000000000000e+00 0.000000000000000000e+00 1.999523145145670477e-01 1.894993572856073505e-01 7.133726227456488322e-02 6.823756880123202015e-03 0.000000000000000000e+00
3.020399471942152372e-02 6.015493552808214711e-02 0.000000000000000000e+00 0.000000000000000000e+00 1.882422881998914790e-02 0.000000000000000000e+00 0.000000000000000000e+00 0.000000000000000000e+00 4.699844868247554652e-01 0.000000000000000000e+00 4.882537922348680060e-02 0.000000000000000000e+00 8.733481464680670214e-02 0.000000000000000000e+00 2.250081395882480295e-01 4.182901161222978004e-02 0.000000000000000000e+00 0.000000000000000000e+00 0.000000000000000000e+00 1.783500903698027537e-02
0.000000000000000000e+00 4.428734944382636818e-02 2.597933391669652627e-03 0.000000000000000000e+00 0.000000000000000000e+00 0.000000000000000000e+00 1.248067374185684100e-02 0.000000000000000000e+00 0.000000000000000000e+00 4.025621458019804089e-02 1.112768705769322068e-02 0.000000000000000000e+00 0.000000000000000000e+00 5.261276823472555396e-03 3.329278235824964516e-02 1.614094984087172807e-02 8.345551327621618665e-01 0.000000000000000000e+00 0.000000000000000000e+00 0.000000000000000000e+00
0.000000000000000000e+00 6.791901036710802642e-02 0.000000000000000000e+00 0.000000000000000000e+00 0.000000000000000000e+00 0.000000000000000000e+00 1.505960558912012963e-02 0.000000000000000000e+00 0.000000000000000000e+00 2.747659054579884574e-01 0.000000000000000000e+00 1.713629429638692248e-01 2.636804110109703947e-01 0.000000000000000000e+00 7.391702019781911347e-03 4.209453135110751559e-02 1.452793446037377867e-01 0.000000000000000000e+00 0.000000000000000000e+00 1.244654663631659247e-02
1.518690766972679851e-01 1.149793663504294766e-01 2.048825179484652093e-02 1.529481951066243850e-01 0.000000000000000000e+00 0.000000000000000000e+00 0.000000000000000000e+00 8.231812375755052924e-02 0.000000000000000000e+00 0.000000000000000000e+00 7.505568620558664139e-03 3.867144384374213151e-02 9.650312090576302834e-03 9.761693745515986897e-02 0.000000000000000000e+00 2.458419434085483413e-01 0.000000000000000000e+00 7.811078087469569553e-02 0.000000000000000000e+00 0.000000000000000000e+00
0.000000000000000000e+00 0.000000000000000000e+00 0.000000000000000000e+00 0.000000000000000000e+00 0.000000000000000000e+00 1.385203884724794665e-01 0.000000000000000000e+00 0.000000000000000000e+00 8.765028401944977010e-02 4.988786657345473108e-02 3.571205001222990671e-02 0.000000000000000000e+00 0.000000000000000000e+00 0.000000000000000000e+00 0.000000000000000000e+00 3.657002979041287793e-01 3.225291130182574295e-01 0.000000000000000000e+00 0.000000000000000000e+00 0.000000000000000000e+00
6.101606954001496941e-02 0.000000000000000000e+00 0.000000000000000000e+00 0.000000000000000000e+00 0.000000000000000000e+00 4.253423199046292291e-01 0.000000000000000000e+00 0.000000000000000000e+00 0.000000000000000000e+00 1.220814768138333423e-01 0.000000000000000000e+00 0.000000000000000000e+00 0.000000000000000000e+00 0.000000000000000000e+00 0.000000000000000000e+00 0.000000000000000000e+00 3.915601337415224314e-01 0.000000000000000000e+00 0.000000000000000000e+00 0.000000000000000000e+00
0.000000000000000000e+00 0.000000000000000000e+00 0.000000000000000000e+00 0.000000000000000000e+00 1.791222681383554394e-02 6.104965517139769593e-02 1.345887589375707460e-01 3.495302355578381454e-02 1.191743294341192638e-01 0.000000000000000000e+00 0.000000000000000000e+00 5.164178764984610898e-02 5.718098051769604680e-03 1.313381070207857680e-02 0.000000000000000000e+00 1.809579011563902107e-01 2.986127452954290828e-01 0.000000000000000000e+00 8.225766323177935435e-02 0.000000000000000000e+00
1.273522104582947012e-01 0.000000000000000000e+00 2.015095437240535525e-02 0.000000000000000000e+00 4.496114823565610513e-02 1.222441105909732005e-02 0.000000000000000000e+00 0.000000000000000000e+00 1.018134007888638615e-01 0.000000000000000000e+00 0.000000000000000000e+00 5.648731782597670587e-02 8.940566080498027479e-02 5.102189534140941923e-02 0.000000000000000000e+00 2.508217781771104327e-01 1.829746251732984885e-01 1.932919572135465697e-02 0.000000000000000000e+00 4.345740204155261466e-02
0.000000000000000000e+00 0.000000000000000000e+00 0.000000000000000000e+00 0.000000000000000000e+00 0.000000000000000000e+00 0.000000000000000000e+00 0.000000000000000000e+00 1.144274593606221663e-01 0.000000000000000000e+00 0.000000000000000000e+00 0.000000000000000000e+00 0.000000000000000000e+00 0.000000000000000000e+00 0.000000000000000000e+00 0.000000000000000000e+00 0.000000000000000000e+00 8.855725406393778476e-01 0.000000000000000000e+00 0.000000000000000000e+00 0.000000000000000000e+00
8.582325996390006984e-02 0.000000000000000000e+00 0.000000000000000000e+00 7.484499371153169323e-02 3.323831964581197215e-03 0.000000000000000000e+00 0.000000000000000000e+00 5.658866964494750629e-02 1.097809575388054432e-01 0.000000000000000000e+00 0.000000000000000000e+00 0.000000000000000000e+00 0.000000000000000000e+00 0.000000000000000000e+00 5.241987118066828572e-02 1.742921122141443541e-02 5.997892047741514299e-01 0.000000000000000000e+00 0.000000000000000000e+00 0.000000000000000000e+00
2.277346745797831362e-02 1.399473606181049212e-01 0.000000000000000000e+00 0.000000000000000000e+00 0.000000000000000000e+00 4.632482576698565687e-04 1.884569337141605017e-01 1.012939223231724278e-01 0.000000000000000000e+00 3.995788432086788688e-02 0.000000000000000000e+00 0.000000000000000000e+00 3.208842693904516430e-02 1.924496681472844667e-02 0.000000000000000000e+00 2.341971054973780997e-01 7.990029664612181837e-02 1.416763874107725696e-01 0.000000000000000000e+00 0.000000000000000000e+00
4.047469225585863077e-03 0.000000000000000000e+00 0.000000000000000000e+00 0.000000000000000000e+00 8.618575813516581030e-02 0.000000000000000000e+00 1.860429487198959619e-01 0.000000000000000000e+00 0.000000000000000000e+00 1.697482771875752708e-02 1.250179676844927028e-02 0.000000000000000000e+00 0.000000000000000000e+00 5.643664199971320378e-03 0.000000000000000000e+00 1.469330579695208028e-01 0.000000000000000000e+00 1.154027291493524426e-01 9.612767934415925031e-02 3.301400687691417590e-01
0.000000000000000000e+00 7.907548957266136158e-02 3.168730244811805014e-02 5.300610168013087688e-03 0.000000000000000000e+00 0.000000000000000000e+00 0.000000000000000000e+00 1.102320665520339221e-01 9.442044221417143779e-02 0.000000000000000000e+00 1.708632524210631776e-01 0.000000000000000000e+00 0.000000000000000000e+00 4.078326637226629969e-02 0.000000000000000000e+00 2.833586370475307814e-01 0.000000000000000000e+00 0.000000000000000000e+00 1.098226114388188429e-01 7.445632176532299140e-02
0.000000000000000000e+00 0.000000000000000000e+00 3.859584012258248514e-02 0.000000000000000000e+00 0.000000000000000000e+00 7.635275338405748263e-03 0.000000000000000000e+00 2.309780118312977637e-02 0.000000000000000000e+00 9.130498161159220083e-02 4.065255789659754510e-02 0.000000000000000000e+00 7.925183514730376952e-03 4.039973741204414548e-01 0.000000000000000000e+00 3.012331198353833117e-01 0.000000000000000000e+00 8.416622389157882300e-02 0.000000000000000000e+00 1.391642485558161830e-03
3.870178793063586749e-03 1.599582373371973287e-01 3.882020668958724441e-02 0.000000000000000000e+00 3.014787955804978589e-02 8.819098428743564130e-03 0.000000000000000000e+00 1.300640680244261604e-01 0.000000000000000000e+00 0.000000000000000000e+00 0.000000000000000000e+00 0.000000000000000000e+00 0.000000000000000000e+00 0.000000000000000000e+00 0.000000000000000000e+00 6.283203311689323778e-01 0.000000000000000000e+00 0.000000000000000000e+00 0.000000000000000000e+00 0.000000000000000000e+00
0.000000000000000000e+00 0.000000000000000000e+00 0.000000000000000000e+00 0.000000000000000000e+00 0.000000000000000000e+00 0.000000000000000000e+00 0.000000000000000000e+00 0.000000000000000000e+00 2.460616193921539435e-02 0.000000000000000000e+00 1.645405550736824818e-01 2.105150450360185610e-01 0.000000000000000000e+00 2.717923533068698425e-02 0.000000000000000000e+00 1.391939747989077436e-01 0.000000000000000000e+00 0.000000000000000000e+00 0.000000000000000000e+00 4.339650278214888246e-01
1.220133717056690187e-01 3.209686173498817879e-02 0.000000000000000000e+00 5.441546143208406128e-02 0.000000000000000000e+00 2.846840271636478722e-02 0.000000000000000000e+00 4.263837850907650773e-02 0.000000000000000000e+00 0.000000000000000000e+00 5.584168035682018222e-02 0.000000000000000000e+00 0.000000000000000000e+00 0.000000000000000000e+00 1.906240452342384539e-01 0.000000000000000000e+00 9.300745458129651422e-02 0.000000000000000000e+00 6.627740053671901665e-02 3.146169431927433036e-01
2.803995065870267325e-02 0.000000000000000000e+00 1.663014557632426765e-03 0.000000000000000000e+00 0.000000000000000000e+00 6.476662654702125196e-03 0.000000000000000000e+00 0.000000000000000000e+00 0.000000000000000000e+00 0.000000000000000000e+00 3.022023743646206143e-02 0.000000000000000000e+00 0.000000000000000000e+00 0.000000000000000000e+00 0.000000000000000000e+00 3.911513534327604874e-02 1.366011303970786628e-01 0.000000000000000000e+00 1.031414420770724455e-02 7.475697247444387239e-01
0.000000000000000000e+00 0.000000000000000000e+00 0.000000000000000000e+00 0.000000000000000000e+00 0.000000000000000000e+00 3.407248552342967418e-02 0.000000000000000000e+00 6.123732425870880014e-02 1.572930225081737299e-01 0.000000000000000000e+00 2.943206300556152066e-01 1.205789531579541524e-01 3.368484613147758322e-02 0.000000000000000000e+00 1.975419477836769591e-02 0.000000000000000000e+00 1.057228054109581594e-01 0.000000000000000000e+00 1.733357381753151127e-01 0.000000000000000000e+00
0.000000000000000000e+00 0.000000000000000000e+00 5.094621017533668226e-04 3.778959680272692134e-02 0.000000000000000000e+00 4.087594369565901442e-02 6.045100729756287122e-02 1.764498995693366754e-02 0.000000000000000000e+00 0.000000000000000000e+00 5.801329552734175304e-03 0.000000000000000000e+00 0.000000000000000000e+00 1.744222226418009059e-01 8.578382705632291161e-02 2.858043079238113404e-01 1.376751854800001840e-01 1.137062351135045141e-01 2.690816551016575464e-02 1.262772686702447536e-02
0.000000000000000000e+00 0.000000000000000000e+00 0.000000000000000000e+00 0.000000000000000000e+00 0.000000000000000000e+00 0.000000000000000000e+00 0.000000000000000000e+00 0.000000000000000000e+00 1.678580964921600194e-01 0.000000000000000000e+00 5.516804332963239771e-02 7.916159571444579546e-02 0.000000000000000000e+00 2.326237401016288953e-01 2.539422272441900219e-01 3.135129071873916928e-03 2.081111680460688007e-01 0.000000000000000000e+00 0.000000000000000000e+00 0.000000000000000000e+00
1.640387732296350876e-01 0.000000000000000000e+00 0.000000000000000000e+00 0.000000000000000000e+00 6.622718044382254476e-03 0.000000000000000000e+00 0.000000000000000000e+00 0.000000000000000000e+00 1.618090001496200279e-03 5.306885976457215853e-02 0.000000000000000000e+00 4.127094711381541770e-02 0.000000000000000000e+00 6.512578186349678999e-01 0.000000000000000000e+00 8.212279321113100106e-02 0.000000000000000000e+00 0.000000000000000000e+00 0.000000000000000000e+00 0.000000000000000000e+00
1.277469385823510328e-01 1.400740276650452032e-01 6.282740026016057910e-02 0.000000000000000000e+00 1.969171322127460932e-02 0.000000000000000000e+00 0.000000000000000000e+00 0.000000000000000000e+00 5.847615696570540415e-03 2.289363131721430800e-02 0.000000000000000000e+00 0.000000000000000000e+00 0.000000000000000000e+00 4.245624447530677026e-01 0.000000000000000000e+00 1.079129384841654993e-01 0.000000000000000000e+00 4.253397928051645682e-02 4.590931073963401554e-02 0.000000000000000000e+00
0.000000000000000000e+00 0.000000000000000000e+00 0.000000000000000000e+00 6.837752999849072699e-02 6.724221098221572213e-02 0.000000000000000000e+00 4.626938777585899026e-02 0.000000000000000000e+00 0.000000000000000000e+00 3.725707935741479071e-02 0.000000000000000000e+00 1.191373121701099352e-01 8.397174118193553860e-02 0.000000000000000000e+00 0.000000000000000000e+00 0.000000000000000000e+00 1.959501675638738727e-01 8.689484841640958412e-02 0.000000000000000000e+00 2.948997225536909572e-01
1.032765960389981363e-01 1.276956572098300602e-01 5.012077260814359891e-02 0.000000000000000000e+00 0.000000000000000000e+00 0.000000000000000000e+00 2.579098783157885919e-02 2.569433115224064035e-01 0.000000000000000000e+00 0.000000000000000000e+00 5.245384822559748250e-02 8.680296988557921478e-02 0.000000000000000000e+00 1.469668722976944508e-01 0.000000000000000000e+00 0.000000000000000000e+00 1.499489843801718181e-01 0.000000000000000000e+00 0.000000000000000000e+00 0.000000000000000000e+00
2.198572168410182701e-03 1.597492847537829441e-01 9.754117684228008622e-02 0.000000000000000000e+00 0.000000000000000000e+00 5.408645425127003165e-03 4.197625547845278832e-02 0.000000000000000000e+00 1.574063725622392926e-02 1.006480463608568597e-02 0.000000000000000000e+00 0.000000000000000000e+00 1.318539202246288011e-01 0.000000000000000000e+00 1.104014714785898355e-01 0.000000000000000000e+00 0.000000000000000000e+00 1.293512638538866777e-01 0.000000000000000000e+00 2.957139678825320139e-01
0.000000000000000000e+00 5.971855544663894066e-02 1.664810608778867843e-02 0.000000000000000000e+00 0.000000000000000000e+00 0.000000000000000000e+00 0.000000000000000000e+00 5.334058623488662637e-02 0.000000000000000000e+00 1.902407292629383628e-02 0.000000000000000000e+00 0.000000000000000000e+00 0.000000000000000000e+00 1.771044262597764596e-01 5.015853324967722154e-02 4.193566781951352240e-01 1.886327812388529646e-01 0.000000000000000000e+00 1.601626036094995487e-02 0.000000000000000000e+00
0.000000000000000000e+00 6.487677796543132869e-02 0.000000000000000000e+00 0.000000000000000000e+00 1.780944927114625279e-02 0.000000000000000000e+00 0.000000000000000000e+00 0.000000000000000000e+00 0.000000000000000000e+00 1.063333396141828875e-02 0.000000000000000000e+00 0.000000000000000000e+00 0.000000000000000000e+00 0.000000000000000000e+00 0.000000000000000000e+00 4.619670191426366035e-01 0.000000000000000000e+00 0.000000000000000000e+00 0.000000000000000000e+00 4.447134196593675037e-01
1.865919100204876252e-02 2.009793915274668552e-02 1.644262422870533813e-01 0.000000000000000000e+00 5.473725602160043474e-02 5.546515728214394120e-02 1.291229242326549231e-01 1.122364072966162835e-01 0.000000000000000000e+00 3.758113719855496471e-02 0.000000000000000000e+00 0.000000000000000000e+00 0.000000000000000000e+00 0.000000000000000000e+00 1.127198032926663984e-01 2.486951697064420375e-01 0.000000000000000000e+00 2.634583870868980465e-02 1.991293381878225799e-02 0.000000000000000000e+00
0.000000000000000000e+00 0.000000000000000000e+00 0.000000000000000000e+00 0.000000000000000000e+00 0.000000000000000000e+00 2.814075779313446879e-01 0.000000000000000000e+00 0.000000000000000000e+00 0.000000000000000000e+00 4.359728045049970913e-02 1.067216024853547517e-02 2.428405168359716870e-01 0.000000000000000000e+00 3.046970654206513363e-01 0.000000000000000000e+00 0.000000000000000000e+00 0.000000000000000000e+00 0.000000000000000000e+00 0.000000000000000000e+00 1.167853991129970820e-01
0.000000000000000000e+00 1.333178722383882853e-01 0.000000000000000000e+00 0.000000000000000000e+00 0.000000000000000000e+00 0.000000000000000000e+00 7.904166299355200320e-02 1.299263782168993443e-02 0.000000000000000000e+00 0.000000000000000000e+00 0.000000000000000000e+00 0.000000000000000000e+00 0.000000000000000000e+00 0.000000000000000000e+00 2.227039617528265847e-01 3.706703522231587500e-01 1.305185379742815344e-01 2.977668624628922178e-02 3.943203482723367514e-03 1.703508526709059459e-02
0.000000000000000000e+00 0.000000000000000000e+00 0.000000000000000000e+00 0.000000000000000000e+00 0.000000000000000000e+00 1.039805485215873765e-01 2.529312987597576168e-02 0.000000000000000000e+00 0.000000000000000000e+00 0.000000000000000000e+00 9.439045065941795154e-02 3.658420951547400324e-02 2.275007519375346621e-02 0.000000000000000000e+00 0.000000000000000000e+00 0.000000000000000000e+00 6.417757258745560023e-01 0.000000000000000000e+00 7.522586035923548020e-02 0.000000000000000000e+00
3.439837051372010655e-03 1.362205350100972601e-01 2.103853879244758363e-01 1.779200461366817893e-02 9.408888206788869335e-02 0.000000000000000000e+00 0.000000000000000000e+00 0.000000000000000000e+00 0.000000000000000000e+00 0.000000000000000000e+00 9.746199307584761662e-02 0.000000000000000000e+00 0.000000000000000000e+00 0.000000000000000000e+00 2.214249260106808670e-01 0.000000000000000000e+00 7.705351384744923982e-02 5.573470069193511844e-02 4.805971922047760220e-02 3.833850048610764477e-02
0.000000000000000000e+00 0.000000000000000000e+00 0.000000000000000000e+00 0.000000000000000000e+00 0.000000000000000000e+00 0.000000000000000000e+00 0.000000000000000000e+00 4.168450117043548397e-02 5.417406491177579470e-02 2.733894228030993995e-02 2.938309013337449607e-02 0.000000000000000000e+00 0.000000000000000000e+00 1.367829891941140519e-01 0.000000000000000000e+00 7.106364123099901953e-01 0.000000000000000000e+00 0.000000000000000000e+00 0.000000000000000000e+00 0.000000000000000000e+00
0.000000000000000000e+00 0.000000000000000000e+00 0.000000000000000000e+00 0.000000000000000000e+00 0.000000000000000000e+00 3.044869125828503220e-02 1.172973132329964835e-01 3.744151076239858877e-01 6.364704085104053166e-02 0.000000000000000000e+00 0.000000000000000000e+00 1.394468343546311807e-02 7.250056069518670716e-03 0.000000000000000000e+00 0.000000000000000000e+00 0.000000000000000000e+00 2.234785534401472484e-01 1.401793800491440110e-02 1.555006160836485407e-01 0.000000000000000000e+00
0.000000000000000000e+00 3.523817581497670076e-02 0.000000000000000000e+00 0.000000000000000000e+00 1.188676682703214277e-01 0.000000000000000000e+00 5.713225028341206713e-02 2.147051462901454766e-01 2.676739818216806316e-02 0.000000000000000000e+00 0.000000000000000000e+00 0.000000000000000000e+00 0.000000000000000000e+00 0.000000000000000000e+00 1.789259883652363492e-01 1.364266320343185956e-01 2.319367407594212227e-01 0.000000000000000000e+00 0.000000000000000000e+00 0.000000000000000000e+00
1.063966884777455546e-01 7.703211830553463590e-02 6.947232861399051281e-03 0.000000000000000000e+00 6.009069703224612785e-02 0.000000000000000000e+00 0.000000000000000000e+00 1.392695077069984189e-01 0.000000000000000000e+00 0.000000000000000000e+00 3.872381110299842610e-02 0.000000000000000000e+00 0.000000000000000000e+00 1.284880020016288815e-01 5.363327765102036959e-02 2.130072279649688205e-01 3.258505573434491986e-02 1.259092170697742041e-01 1.791716409134066004e-02 0.000000000000000000e+00
0.000000000000000000e+00 3.123672611824008724e-02 0.000000000000000000e+00 0.000000000000000000e+00 0.000000000000000000e+00 5.444439328730004551e-02 0.000000000000000000e+00 2.099881233509702082e-03 4.296919712963121613e-02 3.116403236444655403e-02 0.000000000000000000e+00 0.000000000000000000e+00 0.000000000000000000e+00 6.366040659200128404e-02 0.000000000000000000e+00 5.183441390480314492e-01 1.655228840056842676e-01 4.922072987949810928e-03 8.563626723320562351e-02 0.000000000000000000e+00
0.000000000000000000e+00 0.000000000000000000e+00 0.000000000000000000e+00 5.169157832271827069e-02 0.000000000000000000e+00 0.000000000000000000e+00 0.000000000000000000e+00 0.000000000000000000e+00 4.185549676150227688e-02 0.000000000000000000e+00 0.000000000000000000e+00 0.000000000000000000e+00 8.488063497699807614e-02 4.779994108174405176e-01 1.846733389150425897e-01 2.110709255702238399e-02 1.330846587205998799e-01 0.000000000000000000e+00 0.000000000000000000e+00 4.707788928676002495e-03
3.366286082529468815e-01 2.822679404380705123e-02 1.554179122058397568e-02 0.000000000000000000e+00 0.000000000000000000e+00 0.000000000000000000e+00 0.000000000000000000e+00 0.000000000000000000e+00 0.000000000000000000e+00 0.000000000000000000e+00 8.716581763426686780e-02 1.431412835798995253e-01 0.000000000000000000e+00 2.251750754078815642e-01 0.000000000000000000e+00 0.000000000000000000e+00 6.699474917393113960e-02 9.712588068668287500e-02 0.000000000000000000e+00 0.000000000000000000e+00
0.000000000000000000e+00 2.142649384263476883e-02 0.000000000000000000e+00 0.000000000000000000e+00 0.000000000000000000e+00 9.592882214987649703e-02 1.028884353984544503e-01 8.389519800494461832e-02 0.000000000000000000e+00 0.000000000000000000e+00 3.750691062563826783e-02 5.654579242485437834e-02 0.000000000000000000e+00 1.049755509623431608e-02 8.466453662436854155e-02 4.486816887475489346e-02 4.105150354341078889e-01 5.126305152413135335e-02 0.000000000000000000e+00 0.000000000000000000e+00
0.000000000000000000e+00 1.662290403196356459e-02 6.839653994827402106e-02 8.249946279508505939e-03 6.503390911588721127e-04 0.000000000000000000e+00 2.153871393637576265e-02 9.734138472255260410e-02 0.000000000000000000e+00 0.000000000000000000e+00 2.253053252372444748e-01 0.000000000000000000e+00 0.000000000000000000e+00 0.000000000000000000e+00 0.000000000000000000e+00 7.461220401467586350e-04 2.336227704751682732e-01 4.260649320655563593e-02 1.973835041250961708e-01 8.753595690595532275e-02
2.613223871699999964e-02 4.487849619782837557e-02 7.784207256084951787e-02 5.865180582813082216e-02 0.000000000000000000e+00 0.000000000000000000e+00 6.539901462090297324e-02 1.758736704083271873e-02 0.000000000000000000e+00 4.090779429890739616e-02 0.000000000000000000e+00 8.429278779166717028e-02 0.000000000000000000e+00 2.318712639468301362e-01 9.474146514913196759e-02 5.441239587456343611e-03 0.000000000000000000e+00 2.340497332742862147e-01 1.820472098617638076e-02 0.000000000000000000e+00
5.952005506397672896e-02 8.314764093361787234e-02 1.703828455370993630e-02 0.000000000000000000e+00 5.911546364521947511e-02 0.000000000000000000e+00 0.000000000000000000e+00 0.000000000000000000e+00 1.429933263670575029e-02 1.827319751717040863e-02 0.000000000000000000e+00 1.637253055711637012e-02 1.105377049609186924e-01 3.246724848614767622e-01 0.000000000000000000e+00 9.759985747608536377e-02 0.000000000000000000e+00 5.597129113448845450e-02 1.434521566595141073e-01 0.000000000000000000e+00
0.000000000000000000e+00 4.951780523208124812e-02 0.000000000000000000e+00 4.325596559025740584e-02 1.340502702819458269e-01 0.000000000000000000e+00 0.000000000000000000e+00 0.000000000000000000e+00 0.000000000000000000e+00 0.000000000000000000e+00 0.000000000000000000e+00 0.000000000000000000e+00 0.000000000000000000e+00 0.000000000000000000e+00 0.000000000000000000e+00 4.748448288316393096e-01 7.735590117463871096e-02 0.000000000000000000e+00 0.000000000000000000e+00 2.209752288894375194e-01
0.000000000000000000e+00 5.007663413829111475e-03 8.538032646544899129e-02 0.000000000000000000e+00 3.197554176312838448e-01 0.000000000000000000e+00 0.000000000000000000e+00 5.839368236871918943e-02 0.000000000000000000e+00 0.000000000000000000e+00 0.000000000000000000e+00 0.000000000000000000e+00 0.000000000000000000e+00 0.000000000000000000e+00 0.000000000000000000e+00 3.849925474173777618e-01 1.384709752213883482e-01 0.000000000000000000e+00 7.999387481952564827e-03 0.000000000000000000e+00
1.162541455868519938e-02 0.000000000000000000e+00 0.000000000000000000e+00 0.000000000000000000e+00 1.486026902140663228e-02 0.000000000000000000e+00 0.000000000000000000e+00 0.000000000000000000e+00 0.000000000000000000e+00 1.373018718264798141e-02 0.000000000000000000e+00 1.570204887815887795e-01 1.320220599835402464e-01 2.250516785601586536e-02 2.100400672018541692e-02 1.023643089293126002e-01 0.000000000000000000e+00 0.000000000000000000e+00 0.000000000000000000e+00 5.248680969666172924e-01
0.000000000000000000e+00 7.493673850924276181e-02 1.143207495140360214e-01 0.000000000000000000e+00 7.754507617624717408e-02 2.017155272879930794e-02 4.488478784913269015e-02 8.331914865457540342e-02 0.000000000000000000e+00 0.000000000000000000e+00 1.631840612492796438e-01 1.077689498416663366e-01 0.000000000000000000e+00 8.309873450080043633e-02 0.000000000000000000e+00 0.000000000000000000e+00 0.000000000000000000e+00 2.008312053819795440e-01 2.993899559424082271e-02 0.000000000000000000e+00
0.000000000000000000e+00 1.067094647262337020e-01 0.000000000000000000e+00 0.000000000000000000e+00 5.346164466549105376e-02 0.000000000000000000e+00 0.000000000000000000e+00 0.000000000000000000e+00 4.622159943807725019e-02 0.000000000000000000e+00 0.000000000000000000e+00 0.000000000000000000e+00 0.000000000000000000e+00 0.000000000000000000e+00 0.000000000000000000e+00 1.926315621863840810e-01 2.128278680909591603e-01 0.000000000000000000e+00 1.724194887480951510e-01 2.157283721447595948e-01
0.000000000000000000e+00 5.516729327687627804e-02 0.000000000000000000e+00 0.000000000000000000e+00 0.000000000000000000e+00 1.745341666925692703e-01 0.000000000000000000e+00 2.767958266248606719e-02 0.000000000000000000e+00 0.000000000000000000e+00 0.000000000000000000e+00 0.000000000000000000e+00 0.000000000000000000e+00 1.029182388027503336e-01 6.681370952025542098e-02 4.133555449178594188e-01 1.249919627599146710e-01 3.453950136728856091e-02 0.000000000000000000e+00 0.000000000000000000e+00
